A =[           0.00000       4266.56000    1317.15000    6763.95000   
               0.01000      -1368.77000   -32785.50000  -135731.00000 
               0.02000      -1316.94000   -32532.40000  -137193.00000 
               0.03000      -1215.83000   -32015.10000  -140132.00000 
               0.04000      -1070.48000   -31211.10000  -144583.00000 
               0.05000      -888.44104    -30086.10000  -150597.00000 
               0.06000      -679.78700    -28592.90000  -158247.00000 
               0.07000      -457.09000    -26670.60000  -167622.00000 
               0.08000      -235.46700    -24242.80000  -178840.00000 
               0.09000      -32.66780     -21215.70000  -192041.00000 
               0.10000       130.77000    -17475.70000  -207397.00000 
               0.11000       465.30500    -10536.20000  -187432.00000 
               0.12000       768.14270    -683.46991    -39581.70000  
               0.13000       146.22200    -108.54700    -37887.20000  
               0.14000      -431.19400     437.91000    -36100.20000  
               0.15000      -962.68300     956.02800    -34217.10000  
               0.16000      -1446.81000    1446.06000   -32234.80000  
               0.17000      -1882.10000    1908.39000   -30149.80000  
               0.18000      -2267.11000    2343.57000   -27958.60000  
               0.19000      -2600.35000    2752.32000   -25657.70000  
               0.20000      -2880.34000    3135.52000   -23243.40000  
               0.21000      -3105.59000    3494.28000   -20711.90000  
               0.22000      -3274.63000    3829.88000   -18059.20000  
               0.23000      -3385.97000    4143.88000   -15281.30000  
               0.24000      -3438.16000    4438.05000   -12374.10000  
               0.25000      -3429.75000    4714.44000   -9333.31000   
               0.26000      -3359.35000    4975.40000   -6154.58000   
               0.27000      -3225.56000    5223.59000   -2833.42000   
               0.28000      -3027.07000    5462.02000    634.74000    
               0.29000      -2762.61000    5694.05000    4254.60000   
               0.30000      -2430.96000    5923.44000    8030.93000   
               0.31000      -2031.01000    6154.40000    11968.60000  
               0.32000      -1561.72000    6391.57000    16072.60000  
               0.33000      -1022.20000    6640.11000    20347.90000  
               0.34000      -411.65000     6905.70000    24799.60000  
               0.35000       270.55700     7194.59000    29432.80000  
               0.36000       1024.88000    7513.66000    34252.70000  
               0.37000       1851.57000    7870.46000    39264.30000  
               0.38000       2750.64000    8273.46000    44472.20000  
               0.39000       29273.70000  -197988.00000  581022.00000 
               0.40000       41572.50000  -272071.00000  770211.00000 
               0.41000       47532.40000  -294461.00000  826534.00000 
               0.42000       53280.20000  -315626.00000  879464.00000 
               0.43000       58696.80000  -335226.00000  928270.00000 
               0.44000       63666.70000  -352941.00000  972248.00000 
               0.45000       68081.10000  -368476.00000  1010740.00000 
               0.46000       71841.60000  -381570.00000  1043130.00000 
               0.47000       74862.60000  -392001.00000  1068920.00000 
               0.48000       77074.40000  -399590.00000  1087670.00000 
               0.49000       78425.50000  -404206.00000  1099070.00000 
               0.50000       78884.00000  -405769.00000  1102940.00000 
               0.51000       78439.20000  -404253.00000  1099190.00000 
               0.52000       77101.60000  -399683.00000  1087900.00000 
               0.53000       74902.50000  -392138.00000  1069260.00000 
               0.54000       71893.40000  -381750.00000  1043580.00000 
               0.55000       68143.60000  -368694.00000  1011280.00000 
               0.56000       63738.30000  -353194.00000  972877.00000 
               0.57000       58776.20000  -335511.00000  928978.00000 
               0.58000       53365.50000  -315937.00000  880240.00000 
               0.59000       47621.90000  -294793.00000  827368.00000 
               0.60000       41664.30000  -272419.00000  771091.00000 
               0.61000       29355.00000  -198300.00000  581849.00000 
               0.62000       2786.31000    8154.92000    44947.40000  
               0.63000       1885.55000    7760.12000    39728.60000  
               0.64000       1057.10000    7411.15000    34706.30000  
               0.65000       300.94400     7099.56000    29876.10000  
               0.66000      -383.17300     6817.84000    25232.80000  
               0.67000      -995.71400     6559.15000    20771.30000  
               0.68000      -1537.31000    6317.27000    16486.50000  
               0.69000      -2008.76000    6086.53000    12373.20000  
               0.70000      -2410.96000    5861.81000    8426.41000   
               0.71000      -2744.94000    5638.48000    4641.17000   
               0.72000      -3011.83000    5412.36000    1012.59000   
               0.73000      -3212.82000    5179.70000   -2464.13000   
               0.74000      -3349.20000    4937.16000   -5793.69000   
               0.75000      -3422.27000    4681.74000   -8980.66000   
               0.76000      -3433.43000    4410.79000   -12029.60000  
               0.77000      -3384.06000    4121.98000   -14944.70000  
               0.78000      -3275.62000    3813.26000   -17730.40000  
               0.79000      -3109.56000    3482.86000   -20390.90000  
               0.80000      -2887.35000    3129.25000   -22930.00000  
               0.81000      -2610.47000    2751.14000   -25351.80000  
               0.82000      -2280.39000    2347.42000   -27660.10000  
               0.83000      -1898.61000    1917.23000   -29858.50000  
               0.84000      -1466.60000    1459.83000   -31950.70000  
               0.85000      -985.81300     974.69800    -33940.20000  
               0.86000      -457.71225     461.43399    -35830.20000  
               0.87000       116.26800    -80.20990     -37624.10000  
               0.88000       734.70900    -650.35900    -39325.40000  
               0.89000       457.02600    -10289.80000  -187590.00000 
               0.90000       132.76889    -17186.50000  -207659.00000 
               0.91000      -27.53340     -20935.50000  -192307.00000 
               0.92000      -227.34600    -23970.30000  -179112.00000 
               0.93000      -446.15000    -26404.70000  -167902.00000 
               0.94000      -666.22300    -28332.30000  -158536.00000 
               0.95000      -872.47500    -29829.50000  -150897.00000 
               0.96000      -1052.37000   -30957.20000  -144896.00000 
               0.97000      -1195.87000   -31762.40000  -140459.00000 
               0.98000      -1295.46000   -32279.40000  -137537.00000 
               0.99000      -1346.12000   -32530.60000  -136094.00000 
               1.00000       4218.21000    1320.31000    6928.71000   
               1.01000       4217.24000    1320.37000    6932.02000   
               1.02000       1738.58000    29488.70000   168037.00000 
               1.03000       1805.62000    29720.40000   166720.00000 
               1.04000       1943.73000    30177.50000   164076.00000 
               1.05000       2158.91000    30841.60000   160132.00000 
               1.06000       2460.05000    31685.20000   154929.00000 
               1.07000       2858.78000    32672.80000   148519.00000 
               1.08000       3369.31000    33761.50000   140966.00000 
               1.09000       4008.22000    34901.70000   132344.00000 
               1.10000       4794.21000    36038.40000   122736.00000 
               1.11000       5747.88000    37112.20000   112233.00000 
